Target: ( 6,42)
Solution:
( 1, 2) ( 1,14) ( 1,24) ( 3, 2) 
( 1,24) ( 2, 1) ( 2,13) ( 1, 4) 
( 2,13) ( 1,10) ( 2, 3) ( 1,16) 
( 2, 3) ( 2,17) ( 1, 2) ( 1,20) 
Sig: 22 10 38 6b c4 e1 07 9e 49 28 c5 64 a3 02 94 67 54 6d 1e e6 04 62 fa da 57 d5 78 0f 18 45 74 8f 
Index: 1 of 3

Target: ( 6,42)
Solution:
( 1, 2) ( 1,14) ( 1,24) ( 3, 2) 
( 1,24) ( 2,13) ( 2, 1) ( 1, 4) 
( 2, 1) ( 1,10) ( 2,15) ( 1,16) 
( 2,15) ( 2, 5) ( 1, 2) ( 1,20) 
Sig: 2c e9 dd 3c e2 63 ee 81 ae 89 58 a3 37 00 8b f5 81 5c 8e e9 69 c0 33 87 cf 5f 88 63 84 99 0c dc 
Index: 2 of 3

Target: ( 6,42)
Solution:
( 1, 2) ( 1,10) ( 2,13) ( 2,17) 
( 2,13) ( 1,16) ( 2, 7) ( 1, 6) 
( 2, 7) ( 2, 1) ( 1,20) ( 1,14) 
( 1,20) ( 2,15) ( 1, 2) ( 2, 5) 
Sig: e4 6f 59 fa 2e 33 b8 ac 17 29 70 6b dc b3 c3 26 f2 27 49 8f 19 51 1f 32 c5 06 9f 14 87 aa ff fa 
Index: 3 of 3

